75 535 60 737
292 492 452 719
81 429 60 262
77 242 553 737
299 535 209 454
75 299 261 469
81 429 60 262
299 535 209 519
77 492 453 737
75 297 261 469
292 492 454 719
75 209 261 469
366 535 288 454
77 242 553 737
213 365 262 468
81 292 60 221
297 429 60 221
213 362 262 468
292 492 454 719
75 209 261 469
81 429 60 221
77 242 553 737
365 535 209 454
