93 524 61 750
93 524 364 750
93 523 61 380
307 524 365 670
93 323 61 284
93 377 266 463
311 523 86 353
93 356 488 750
305 524 86 449
93 523 379 750
93 320 61 421
301 523 86 339
93 346 392 750
93 313 61 380
275 524 350 670
